    _conversion = {'mg': 0.000001,
                   'g': 0.001,
                   'kg': 1,
                   'lb': 0.453592,
                   'oz': 0.02835,
                   'stone': 6.35029}
